ligand,binding score,energy
KWGRBVOPPLSCSI-WPRPVWTQSA-N,400841.19,-6.0
HJPHIJVSRJVAGC-SSDOTTSWSA-N,914554.51,-5.0
NETZHAKZCGBWSS-CEDHKZHLSA-N,316208.16,-9.3
DCSCXTJOXBUFGB-JGVFFNPUSA-N,1271449.56,-6.1
FEWJPZIEWOKRBE-JCYAYHJZSA-N,351369.34,-6.2
DKGZKTPJOSAWFA-UHFFFAOYSA-N,318157.64,-10.4
VWVSBHGCDBMOOT-IIEHVVJPSA-N,351437.81,-9.4
LEVWYRKDKASIDU-IMJSIDKUSA-N,1912644.07,-5.9
BUGYDGFZZOZRHP-CDECOKDKSA-N,723030.66,-6.4
LCAAMXMULMCKLJ-UHFFFAOYSA-N,707327.62,-8.4
OIRCOABEOLEUMC-GEJPAHFPSA-N,674734.41,-1.4
WOFMFGQZHJDGCX-ZULDAHANSA-N,503440.69,-9.6
WWZKQHOCKIZLMA-UHFFFAOYSA-N,314291.31,-5.0
BMOVQUBVGICXQN-MKPDMIMOSA-N,849180.04,-8.4
JFPVXVDWJQMJEE-IZRZKJBUSA-N,907276.21,-8.3
AJOQSQHYDOFIOX-SECBINFHSA-N,279469.44,-7.7
OFZCIYFFPZCNJE-GFCCVEGCSA-N,1339959.32,-6.9
LGAJOMLFGCSBFF-OLXDQKQCSA-N,329852.64,-10.7
WMCMJIGLYZDKRN-ZDUSSCGKSA-N,397387.72,-9.2
FBPFZTCFMRRESA-JGWLITMVSA-N,357466.02,-6.1
GZUITABIAKMVPG-UHFFFAOYSA-N,424469.42,-11.2
SLYPOVJCSQHITR-UHFFFAOYSA-N,659719.85,-6.4
PVHUJELLJLJGLN-INIZCTEOSA-N,1209593.16,-7.4
IMYZQPCYWPFTAG-YWVKMMECSA-N,609414.33,-5.8
IRYJRGCIQBGHIV-UHFFFAOYSA-N,1157290.64,-5.7
TZADDXVKYWMEHX-YFKPBYRVSA-N,1323977.07,-6.7
PAZJSJFMUHDSTF-AWEZNQCLSA-N,1060918.28,-6.7
HTJXMOGUGMSZOG-UHFFFAOYSA-N,688302.23,-7.9
UDMBCSSLTHHNCD-KQYNXXCUSA-N,286741.1,-8.9
LVRLSYPNFFBYCZ-VGWMRTNUSA-N,807471.2,-9.2
PFTAWBLQPZVEMU-DZGCQCFKSA-N,720446.5,-9.1
KRMDCWKBEZIMAB-UHFFFAOYSA-N,540231.66,-8.0
HNDVDQJCIGZPNO-YFKPBYRVSA-N,995363.8,-6.0
XXVROGAVTTXONC-NSHDSACASA-N,283980.09,-5.7
WYMSBXTXOHUIGT-UHFFFAOYSA-N,1128974.89,-6.7
NJCJBUHJQLFDSW-UHFFFAOYSA-N,587763.73,-9.0
YMFIJXDFAPHJIN-SECBINFHSA-N,685153.11,-7.0
WTFXJFJYEJZMFO-UHFFFAOYSA-N,1079601.3,-8.7
XCPGHVQEEXUHNC-UHFFFAOYSA-N,838976.31,-9.6
WYRWAVVTDKZRIJ-MRXNPFEDSA-N,414891.83,-8.8
WDICTQVBXKADBP-UHFFFAOYSA-N,388853.45,-6.7
NUKCGLDCWQXYOQ-UHFFFAOYSA-N,315579.65,-8.1
CHBRHODLKOZEPZ-UHFFFAOYSA-N,1172413.83,-8.2
PYVUMAGVCSQCBD-RFAUZJTJSA-N,688087.59,-9.3
YFDSDPIBEUFTMI-UHFFFAOYSA-N,247488.69,-4.0
BJOLKYGKSZKIGU-UHFFFAOYSA-N,1298840.44,-5.2
QTQPVLDZQVPLGV-AWEZNQCLSA-N,443850.76,-7.7
AKUJBENLRBOFTD-QZIXMDIESA-N,710625.0,-10.4
YGCODSQDUUUKIV-UHFFFAOYSA-N,452635.34,-6.3
ZTVIKZXZYLEVOL-CBBWQLFWSA-N,1047742.89,-8.0
AIZFEOPQVZBNGH-UHFFFAOYSA-N,412173.42,-8.6
YEHCICAEULNIGD-MZMPZRCHSA-N,528436.49,-7.8
MKKYBZZTJQGVCD-XTCKQBCOSA-N,753577.27,-8.7
CDAISMWEOUEBRE-GPIVLXJGSA-N,353159.78,-6.9
OUDSBRTVNLOZBN-UHFFFAOYSA-N,942951.4,-8.4
RUOKEQAAGRXIBM-GFCCVEGCSA-N,695366.18,-6.5
XRQDFNLINLXZLB-CKIKVBCHSA-N,1049084.0,-7.5
VXOWJCTXWVWLLC-REGDIAEZSA-N,845436.39,-9.2
JZRWCGZRTZMZEH-UHFFFAOYSA-N,284073.83,-7.0
KAJZGRFYZKWYDX-UHFFFAOYSA-N,804219.6,-6.6
RGHNJXZEOKUKBD-SQOUGZDYSA-N,353890.32,-6.6
ATXHVCQZZJYMCF-XUDSTZEESA-N,359180.9,-9.1
WQZGKKKJIJFFOK-VFUOTHLCSA-N,1289733.51,-6.6
OGGXGZAMXPVRFZ-UHFFFAOYSA-N,239325.03,-1.0
HTQBXNHDCUEHJF-XWLPCZSASA-N,396971.34,-2.4
JBACAGZMXLDQCR-UHFFFAOYSA-N,1201469.75,-6.9
UMSGKTJDUHERQW-UHFFFAOYSA-N,1059906.99,-9.0
ZZQMUJGZCZTLQD-UHFFFAOYSA-N,1329703.31,-7.8
LOUPRKONTZGTKE-WZBLMQSHSA-N,667427.32,-8.9
FFINMCNLQNTKLU-UHFFFAOYSA-N,1332085.02,-8.6
VLCYCQAOQCDTCN-ZCFIWIBFSA-N,2026271.99,-5.7
IVVNZDGDKPTYHK-JTQLQIEISA-N,580899.25,-7.0
XIUUSFJTJXFNGH-OLQVQODUSA-N,808337.23,-6.3
IQADUMSPOQKAAO-UHFFFAOYSA-N,1242014.03,-6.5
MCYHPZGUONZRGO-VKHMYHEASA-N,390353.27,-4.5
WVAKABMNNSMCDK-UHFFFAOYSA-N,1119209.9,-7.1
FRBBPWXCRBHYJQ-FQEVSTJZSA-N,490104.3,-7.8
ZKLPARSLTMPFCP-OAQYLSRUSA-N,975915.46,-8.7
NPOAOTPXWNWTSH-UHFFFAOYSA-N,311199.39,-5.9
DCPACFSINCUFEC-CYBMUJFWSA-N,620659.86,-8.0
CUWODFFVMXJOKD-UVLQAERKSA-N,1081447.28,-0.9
OAYRYNVEFFWSHK-UHFFFAOYSA-N,584653.74,-7.1
VQHSOMBJVWLPSR-JVCRWLNRSA-N,325720.98,-7.7
JYGXADMDTFJGBT-VWUMJDOOSA-N,1200575.94,-8.7
RZVPBGBYGMDSBG-GGAORHGYSA-N,682008.93,-11.5
BYPIURIATSUHDW-SNVBAGLBSA-N,819402.71,-7.6
QYKIQEUNHZKYBP-UHFFFAOYSA-N,2052590.77,-3.1
PMMYEEVYMWASQN-DMTCNVIQSA-N,427892.96,-5.9
GZENKSODFLBBHQ-ILSZZQPISA-N,653098.83,-9.2
UJEWTUDSLQGTOA-UHFFFAOYSA-N,884036.78,-7.9
AGPKZVBTJJNPAG-WHFBIAKZSA-N,405444.18,-5.2
YRIZYWQGELRKNT-UHFFFAOYSA-N,1315145.6,-6.4
YMBXTVYHTMGZDW-ZWNOBZJWSA-N,1115597.38,-7.4
OVJJILSKYWXGBM-GFCCVEGCSA-N,413759.32,-6.7
NIJJYAXOARWZEE-UHFFFAOYSA-N,1329169.3,-5.3
NBQNWMBBSKPBAY-LTFXXXRZSA-N,1113303.83,-9.1
BAPRUDZDYCKSOQ-RITPCOANSA-N,167963.13,-6.7
JXLYSJRDGCGARV-CFWMRBGOSA-N,506774.26,-8.2
MSYKRHVOOPPJKU-BDAKNGLRSA-N,920114.65,-6.7
HJBWBFZLDZWPHF-UHFFFAOYSA-N,795335.53,-10.0
WQZGKKKJIJFFOK-PHYPRBDBSA-N,664206.89,-6.8
YTKUWDBFDASYHO-UHFFFAOYSA-N,1270677.09,-7.5
OVRNDRQMDRJTHS-FMDGEEDCSA-N,609014.12,-7.3
PWNMXPDKBYZCOO-NSHDSACASA-N,771477.42,-10.8
VDUWPHTZYNWKRN-UHFFFAOYSA-N,764568.45,-8.6
DYAIAHUQIPBDIP-AXAPSJFSSA-N,950257.89,-9.7
ANGKOCUUWGHLCE-IEBWSBKVSA-N,844871.72,-8.0
HEBKCHPVOIAQTA-SCDXWVJYSA-N,441970.5,-5.6
SFZCNBIFKDRMGX-UHFFFAOYSA-N,1992294.67,-1.1
OXFGTKPPFSCSMA-XVKPBYJWSA-N,288334.68,-6.4
FVRWRGBTEHAPDI-OAHLLOKOSA-N,527470.02,-8.3
JXZZEXZZKAWDSP-UHFFFAOYSA-N,669449.9,-10.1
UVAZQQHAVMNMHE-XJKSGUPXSA-N,814011.03,-6.5
XDVCLKFLRAWGIT-ADOAZJKMSA-N,391529.11,-10.2
FHXBMXJMKMWVRG-SLHNCBLASA-N,725379.93,-9.0
MBBZMMPHUWSWHV-BDVNFPICSA-N,309840.75,-6.7
CMCCHHWTTBEZNM-SCSAIBSYSA-N,315932.4,-6.5
HJJRIJDTIPFROI-NVKITGPLSA-N,303744.37,-8.1
QOYHHIBFXOOADH-UHFFFAOYSA-N,581964.14,-10.2
ZPMKQFOGINQDAM-UHFFFAOYSA-N,236604.29,-8.8
ALAXZYHFVBSJKZ-UHFFFAOYSA-N,1004401.25,-9.8
ZFSXZJXLKAJIGS-UHFFFAOYSA-N,810563.51,-9.0
DQDAYGNAKTZFIW-CYBMUJFWSA-N,1116331.62,-8.9
GLVAUDGFNGKCSF-UHFFFAOYSA-N,208215.26,-5.9
IBAQFPQHRJAVAV-ULAWRXDQSA-N,102811.8,-6.7
AYFVYJQAPQTCCC-GBXIJSLDSA-N,170566.84,-5.7
KZTZJUQNSSLNAG-UHFFFAOYSA-N,231418.77,-4.4
LKACJLUUJRMGFK-UHFFFAOYSA-N,183233.39,-5.6
FKDHHVKWGRFRTG-VOTSOKGWSA-N,122506.2,-6.8
BZQFBWGGLXLEPQ-REOHCLBHSA-N,109383.66,-6.0
GIJXKZJWITVLHI-PMOLBWCYSA-N,82281.05,-8.5
PTKSEFOSCHHMPD-SNVBAGLBSA-N,37404.78,-7.0
KYAKGJDISSNVPZ-UHFFFAOYSA-N,276472.83,-9.1
BDJRBEYXGGNYIS-UHFFFAOYSA-N,43407.47,-5.8
PEDCQBHIVMGVHV-UHFFFAOYSA-N,110658.43,-4.8
NMCUIPGRVMDVDB-UHFFFAOYSA-L,138286.63,-2.4
PMRYVIKBURPHAH-UHFFFAOYSA-N,154622.93,-4.3
YWXYYJSYQOXTPL-SLPGGIOYSA-N,65636.22,-6.8
XVQUOJBERHHONY-SECBINFHSA-N,48976.06,-5.0
OUYCCCASQSFEME-QMMMGPOBSA-N,72283.31,-6.5
ORTQZVOHEJQUHG-UHFFFAOYSA-L,94237.84,-2.5
FFKUDWZICMJVPA-UHFFFAOYSA-N,85429.32,-7.1
IKYIXZSIKOYSLD-NSHDSACASA-N,82184.86,-7.8
OCAXFDULERPAJM-BQJUDKOJSA-N,111236.89,-8.8
WVDDGKGOMKODPV-UHFFFAOYSA-N,111889.57,-5.0
XRVCFZPJAHWYTB-UHFFFAOYSA-N,215352.63,-5.1
PYAOPMWCFSVFOT-UHFFFAOYSA-N,37048.88,-6.0
MTTYXGPMZKRTCI-VIFPVBQESA-N,225120.18,-7.0
NZLVRVYNQYGMAB-UHFFFAOYSA-N,277771.07,-9.0
ZKLPARSLTMPFCP-NRFANRHFSA-N,85085.85,-8.9
KDXKERNSBIXSRK-YFKPBYRVSA-N,144213.21,-5.3
KSUUMAWCGDNLFK-SSDOTTSWSA-N,84101.63,-6.9
BDERNNFJNOPAEC-UHFFFAOYSA-N,123692.86,-3.2
XULACPAEUUWKFX-UHFFFAOYSA-N,44154.43,-8.9
CKLJMWTZIZZHCS-REOHCLBHSA-N,117507.81,-6.0
FZERHIULMFGESH-UHFFFAOYSA-N,116235.48,-6.1
NWGGKKGAFZIVBJ-UHFFFAOYSA-N,255932.9,-10.4
FDMBBCOBEAVDAO-AWEZNQCLSA-N,47052.91,-6.2
DIDCGVRALANKIU-OTEFFYEFSA-N,130595.18,-0.8
ZQPPMHVWECSIRJ-KTKRTIGZSA-N,110577.14,-5.8
XSQUKJJJFZCRTK-OUBTZVSYSA-N,94790.28,-3.7
SPAGIJMPHSUYSE-UHFFFAOYSA-N,142467.15,-3.6
PBAPPPCECJKMCM-IBGZPJMESA-N,305343.74,-8.9
CYTYCFOTNPOANT-UHFFFAOYSA-N,114257.52,-3.6
NWVVVBRKAWDGAB-UHFFFAOYSA-N,85220.25,-5.5
MVQVNTPHUGQQHK-UHFFFAOYSA-N,137649.42,-5.3
YDDUMTOHNYZQPO-RVXRWRFUSA-N,70058.79,-10.5
VUFOCTSXHUWGPW-QHCPKHFHSA-N,75088.67,-8.5
SSLKKMZJCJBOML-UHFFFAOYSA-N,93972.72,-7.0
ARHWPKZXBHOEEE-UHFFFAOYSA-N,100657.26,-6.4
UKMSUNONTOPOIO-UHFFFAOYSA-N,58326.28,-6.4
WTDRDQBEARUVNC-LURJTMIESA-N,32445.1,-7.0
QSRHLIUOSXVKTG-YADHBBJMSA-N,97618.03,-8.8
LLEMOWNGBBNAJR-UHFFFAOYSA-N,112734.61,-7.0
XKFIQZCHJUUSBA-HNNXBMFYSA-N,43206.66,-8.7
AHHFEZNOXOZZQA-ZEBDFXRSSA-N,116510.37,-7.5
ODQWQRRAPPTVAG-UHFFFAOYSA-N,150852.3,-8.1
PZMVOUYYNKPMSI-UHFFFAOYSA-N,57419.37,-7.0
QTBSBXVTEAMEQO-UHFFFAOYSA-N,114901.97,-3.7
YMTINGFKWWXKFG-UHFFFAOYSA-N,79644.4,-8.4
YTGJWQPHMWSCST-GSVOUGTGSA-N,159926.63,-5.4
GBBJCSTXCAQSSJ-XQXXSGGOSA-N,127583.61,-8.4
QNAYBMKLOCPYGJ-REOHCLBHSA-N,136479.33,-4.5
CZMRCDWAGMRECN-UGDNZRGBSA-N,154024.36,-7.9
NLORYLAYLIXTID-ISLYRVAYSA-N,38782.07,-8.3
KZSNJWFQEVHDMF-BYPYZUCNSA-N,231830.18,-5.2
XLFWDASMENKTKL-UHFFFAOYSA-N,70456.39,-7.8
UOMKBIIXHQIERR-UHFFFAOYSA-N,96302.63,-8.0
HPNSFSBZBAHARI-RUDMXATFSA-N,60252.94,-7.9
DNIAPMSPPWPWGF-GSVOUGTGSA-N,132020.72,-4.0
UCTRAOBQFUDCSR-SECBINFHSA-N,58835.41,-6.6
UGOFYAXVVVXMQT-UHFFFAOYSA-N,55879.77,-8.0
YNUMZJCKFQVSRH-HWKANZROSA-N,92717.57,-6.8
WRWRKDRWMURIBI-UHFFFAOYSA-M,93422.58,-3.1
OPTBBAGXQYOFTL-UHFFFAOYSA-N,43272.63,-6.5
IPEHBUMCGVEMRF-UHFFFAOYSA-N,147267.62,-6.0
FBPFZTCFMRRESA-KVTDHHQDSA-N,263502.0,-6.1
BJRNKVDFDLYUGJ-RMPHRYRLSA-N,76885.12,-8.8
YFESJHPTNWYOCO-UHFFFAOYSA-N,237413.9,-5.0
BYFMCKSPFYVMOU-UHFFFAOYSA-N,82911.15,-8.4
NFACJZMKEDPNKN-GSVOUGTGSA-N,114945.57,-5.4
DHMQDGOQFOQNFH-UHFFFAOYSA-N,149628.85,-4.1
QLGIFPJNYPWBMQ-UHFFFAOYSA-N,49460.63,-8.1
JMOVFFLYGIQXMM-UHFFFAOYSA-N,172240.96,-6.6
CVSVTCORWBXHQV-UHFFFAOYSA-N,113983.36,-5.9
KHAUBYTYGDOYRU-IRXASZMISA-N,117871.56,-7.8
ZJAOAACCNHFJAH-UHFFFAOYSA-N,108737.45,-5.5
POJWUDADGALRAB-SFOWXEAESA-N,97633.73,-6.8
XEFQLINVKFYRCS-UHFFFAOYSA-N,49080.85,-8.0
XBJWOGLKABXFJE-YFKPBYRVSA-N,253373.87,-7.0
KWIUHFFTVRNATP-UHFFFAOYSA-N,151627.09,-4.5
NUKYPUAOHBNCPY-UHFFFAOYSA-N,95096.46,-4.7
XOAAWQZATWQOTB-UHFFFAOYSA-N,145215.98,-4.8
ZQDWXGKKHFNSQK-OAQYLSRUSA-N,69139.14,-8.3
XXEPPPIWZFICOJ-NSHDSACASA-N,73235.68,-6.3
XSQUKJJJFZCRTK-NJFSPNSNSA-N,102783.69,-3.7
WSPOMRSOLSGNFJ-AUWJEWJLSA-N,101048.46,-7.9
SEEPANYCNGTZFQ-UHFFFAOYSA-N,35045.17,-7.2
KCXVZYZYPLLWCC-UHFFFAOYSA-N,193539.14,-6.8
RTRQQBHATOEIAF-UUOKFMHZSA-N,180807.82,-8.0
COLNVLDHVKWLRT-QMMMGPOBSA-N,105709.31,-6.3
WLJVXDMOQOGPHL-UHFFFAOYSA-N,99922.84,-5.9
UAUHEPXILIZYCU-ALHOSYKFSA-N,169927.59,-8.2
KMSKQZKKOZQFFG-YXRRJAAWSA-N,201589.84,-10.7
VDANGULDQQJODZ-UHFFFAOYSA-N,29092.26,-6.5
PHTUQLWOUWZIMZ-GZTJUZNOSA-N,72422.0,-8.0
QBSGXIBYUQJHMJ-UHFFFAOYSA-N,88660.25,-8.2
QKDRXGFQVGOQKS-CRSSMBPESA-N,87813.57,-9.3
UVKZSORBKUEBAZ-UHFFFAOYSA-N,121880.25,-7.7
OYTKINVCDFNREN-UHFFFAOYSA-N,59939.53,-5.1
RNFNDJAIBTYOQL-UHFFFAOYSA-N,90904.15,-5.0
AHLPHDHHMVZTML-BYPYZUCNSA-N,129142.24,-5.0
RVMGXWBCQGAWBR-UHFFFAOYSA-N,159074.99,-7.4
FRPZMMHWLSIFAZ-UHFFFAOYSA-N,88743.42,-5.3
VOIFKEWOFUNPBN-QIUUJYRFSA-N,98758.23,-7.2
MYBLAOJMRYYKMS-PVFLNQBWSA-N,55604.55,-7.7
DLNKOYKMWOXYQA-IONNQARKSA-N,132432.56,-5.8
RFKMCNOHBTXSMU-UHFFFAOYSA-N,72326.5,-4.4
VVDLFTOOMLZFRO-UHFFFAOYSA-N,108378.4,-7.9
XRECTZIEBJDKEO-UHFFFAOYSA-N,172277.68,-6.0
LAHDERDHXJFFJU-ZWNKPRIXSA-N,227886.01,-9.1
RQNADZJRELIICT-UHFFFAOYSA-N,100976.67,-7.8
IDCHQQSVJAAUQQ-UHFFFAOYSA-N,16411.48,-7.2
AJPLPOWGYORUIF-UHFFFAOYSA-N,78818.11,-9.2
UCCJWNPWWPJKGL-DEOSSOPVSA-N,76653.81,-10.4
SRBFZHDQGSBBOR-LECHCGJUSA-N,118772.75,-6.4
PVNIIMVLHYAWGP-UHFFFAOYSA-N,146667.13,-5.8
CURLTUGMZLYLDI-UHFFFAOYSA-N,136256.62,-2.8
ZYVXHFWBYUDDBM-UHFFFAOYSA-N,91934.23,-5.9
JEIPFZHSYJVQDO-UHFFFAOYSA-N,143443.77,-4.0
OEYIOHPDSNJKLS-UHFFFAOYSA-N,129999.84,-4.1
JURKNVYFZMSNLP-UHFFFAOYSA-N,215140.95,-8.2
XNEFYCZVKIDDMS-UHFFFAOYSA-N,90652.18,-9.2
WGNUNYPERJMVRM-UHFFFAOYSA-N,115016.42,-6.1
GEGSSUSEWOHAFE-UHFFFAOYSA-N,125864.61,-5.8
WPYMKLBDIGXBTP-UHFFFAOYSA-N,102160.28,-6.1
WBHHMMIMDMUBKC-QJWNTBNXSA-N,76252.84,-6.6
WIIZWVCIJKGZOK-RKDXNWHRSA-N,135949.6,-7.6
HRYZWHHZPQKTII-UHFFFAOYSA-N,103205.3,-2.2
YYQRGCZGSFRBAM-UHFFFAOYSA-N,102805.91,-5.6
LENZDBCJOHFCAS-UHFFFAOYSA-N,147916.64,-5.0
PHVGLTMQBUFIQQ-UHFFFAOYSA-N,79319.33,-8.2
CVKNDPRBJVBDSS-CQSZACIVSA-N,130301.55,-8.0
NMUSYJAQQFHJEW-KVTDHHQDSA-N,162864.09,-7.9
WFNAKBGANONZEQ-GOSISDBHSA-N,108718.87,-7.8
UUQMNUMQCIQDMZ-UHFFFAOYSA-N,97023.66,-5.3
SONNWYBIRXJNDC-VIFPVBQESA-N,84672.17,-6.4
JJJFUHOGVZWXNQ-UHFFFAOYSA-N,76821.05,-5.6
ICUTUKXCWQYESQ-UHFFFAOYSA-N,24233.13,-8.6
VZGDMQKNWNREIO-UHFFFAOYSA-N,109096.85,-3.1
LXCFILQKKLGQFO-UHFFFAOYSA-N,80760.01,-6.0
OTVAEFIXJLOWRX-NXEZZACHSA-N,54969.54,-8.0
CWRVKFFCRWGWCS-UHFFFAOYSA-N,66338.0,-6.6
WGZDBVOTUVNQFP-UHFFFAOYSA-N,35721.98,-8.4
LOMDVEFCNVDZMZ-UHFFFAOYSA-N,33573.68,-5.0
RTGDFNSFWBGLEC-SYZQJQIISA-N,53184.66,-9.1
JWAZRIHNYRIHIV-UHFFFAOYSA-N,83825.07,-6.6
LFQSCWFLJHTTHZ-UHFFFAOYSA-N,86252.94,-2.7
BLFLLBZGZJTVJG-UHFFFAOYSA-N,56061.45,-6.1
LHIALLMPKJMSIQ-NSCUHMNNSA-N,51676.03,-8.0
MHPZZZZLAQGTHT-UHFFFAOYSA-N,20001.36,-8.0
UZVHFVZFNXBMQJ-UHFFFAOYSA-N,59871.89,-7.0
PCLITLDOTJTVDJ-UHFFFAOYSA-N,41699.36,-4.7
IYVFNTXFRYQLRP-VVSTWUKXSA-N,62311.85,-10.4
OPTZOXDYEFIPJZ-UHFFFAOYSA-N,38318.05,-6.9
KBHMHROOFHVLBA-SECBINFHSA-N,22255.85,-6.1
HEDRZPFGACZZDS-UHFFFAOYSA-N,63356.67,-2.6
CIUUIPMOFZIWIZ-UHFFFAOYSA-N,42883.57,-7.5
AVKHCKXGKPAGEI-UHFFFAOYSA-N,39184.13,-6.7
WVYXNIXAMZOZFK-UHFFFAOYSA-N,66495.11,-7.8
UEEJHVSXFDXPFK-UHFFFAOYSA-N,80690.43,-3.8
GHMLBKRAJCXXBS-UHFFFAOYSA-N,71292.75,-5.5
XSTXAVWGXDQKEL-UHFFFAOYSA-N,71046.58,-3.2
NYMGNSNKLVNMIA-UHFFFAOYSA-N,76944.7,-6.7
BDYYDXJSHYEDGB-UHFFFAOYSA-N,24580.47,-8.4
RGEVWUKXWFOAID-UHFFFAOYSA-N,111271.33,-6.0
MSNWSDPPULHLDL-UHFFFAOYSA-K,65277.14,-4.4
FGVVTMRZYROCTH-UHFFFAOYSA-N,49825.33,-4.8
OEYIOHPDSNJKLS-BJUDXGSMSA-N,74333.55,-4.1
DSSYKIVIOFKYAU-XCBNKYQSSA-N,54171.12,-6.2
YJYPHIXNFHFHND-UHFFFAOYSA-N,57273.39,-7.9
VEZXCJBBBCKRPI-UHFFFAOYSA-N,67332.41,-4.0
DPYMFVXJLLWWEU-PVQJCKRUSA-N,70296.18,-5.1
KCFYEAOKVJSACF-UHFFFAOYSA-N,54903.01,-8.3
MINDHVHHQZYEEK-HBBNESRFSA-N,64022.34,-8.5
HSHNITRMYYLLCV-UHFFFAOYSA-N,66619.15,-7.1
BRBAEHHXGZRCBK-UHFFFAOYSA-N,55343.04,-6.7
TZDUHAJSIBHXDL-LBPRGKRZSA-N,41641.32,-7.1
YXKTVDFXDRQTKV-HNNXBMFYSA-N,18902.77,-7.2
AYJVGKWCGIYEAK-UHFFFAOYSA-N,30298.97,-8.2
HZQDCMWJEBCWBR-UUOKFMHZSA-N,52094.82,-8.5
ZYEPZINLLPPBMI-GOSISDBHSA-N,55422.48,-8.4
AUFSOOYCQYDGES-SECBINFHSA-N,64076.33,-5.6
GSEJCLTVZPLZKY-UHFFFAOYSA-N,91185.4,-4.5
JBIMVDZLSHOPLA-LSCVHKIXSA-N,59502.23,-8.4
IIXWYSCJSQVBQM-LLVKDONJSA-N,63037.03,-10.6
NBIIXXVUZAFLBC-UHFFFAOYSA-N,85151.28,-4.3
QFWPJPIVLCBXFJ-UHFFFAOYSA-N,55379.75,-7.6
PIWKPBJCKXDKJR-SFOWXEAESA-N,71786.61,-4.9
HAWPXGHAZFHHAD-UHFFFAOYSA-N,82229.59,-3.8
VNLMRPAWAMPLNZ-LURJTMIESA-N,50320.87,-7.2
JSWZEAMFRNKZNL-UHFFFAOYSA-N,74817.87,-8.9
VWQZJJZGISNFOE-UHFFFAOYSA-N,24248.49,-8.7
JVVRCYWZTJLJSG-UHFFFAOYSA-N,89131.24,-5.5
WDVSHHCDHLJJJR-UHFFFAOYSA-N,35494.69,-8.0
JLRNKCZRCMIVKA-UHFFFAOYSA-N,64468.22,-9.1
QCDWFXQBSFUVSP-UHFFFAOYSA-N,81906.26,-5.5
NHKZSTHOYNWEEZ-AFCXAGJDSA-N,52804.35,-8.7
NHUHCSRWZMLRLA-UHFFFAOYSA-N,30007.72,-7.7
VEQOALNAAJBPNY-UHFFFAOYSA-N,81402.92,-6.6
RTZKZFJDLAIYFH-UHFFFAOYSA-N,76230.07,-3.2
JZWFDVDETGFGFC-UHFFFAOYSA-N,31293.54,-7.2
SLXKOJJOQWFEFD-UHFFFAOYSA-N,88356.88,-4.8
LTINPJMVDKPJJI-PBXRRBTRSA-N,45707.93,-5.5
WXZMFSXDPGVJKK-UHFFFAOYSA-N,90325.06,-5.2
KXVSBTJVTUVNPM-UKPNQBOSSA-N,55418.29,-10.2
YQNFBOJPTAXAKV-OMCISZLKSA-N,22814.22,-6.4
ZWAOHEXOSAUJHY-ZIYNGMLESA-N,106947.59,-8.3
ACTRVOBWPAIOHC-XIXRPRMCSA-N,100939.67,-5.7
GKPFBMQXTRZTOW-UHFFFAOYSA-N,54462.76,-8.5
QPPBRPIAZZHUNT-UHFFFAOYSA-N,55611.39,-7.6
TZRXHJWUDPFEEY-UHFFFAOYSA-N,41861.7,-7.0
WNLRTRBMVRJNCN-UHFFFAOYSA-N,51904.02,-5.4
ROHFNLRQFUQHCH-YFKPBYRVSA-N,89812.74,-5.3
RMUCZJUITONUFY-UHFFFAOYSA-N,75068.32,-5.9
FVIGODVHAVLZOO-UHFFFAOYSA-N,85193.65,-4.8
VJOVAKSZILJDBB-UHFFFAOYSA-N,32095.29,-4.6
RATGSRSDPNECNO-QMMMGPOBSA-N,40687.91,-6.0
CYWFCPPBTWOZSF-UHFFFAOYSA-N,83100.25,-6.8
HJXMNVQARNZTEE-NSHDSACASA-N,78181.98,-7.0
HZTMGWSBSDLALI-UHFFFAOYSA-N,60506.29,-7.6
DOMXUEMWDBAQBQ-WEVVVXLNSA-N,8924.55,-8.8
KJHOZAZQWVKILO-UHFFFAOYSA-N,59129.17,-7.6
GUBGYTABKSRVRQ-XLOQQCSPSA-N,98238.07,-8.0
NGXUUAFYUCOICP-UHFFFAOYSA-N,46173.61,-6.1
VVNCNSJFMMFHPL-VKHMYHEASA-N,63171.2,-5.2
FDQGNLOWMMVRQL-UHFFFAOYSA-N,33379.59,-7.0
SLWGJZPKHAXZQL-UHFFFAOYSA-N,84344.43,-5.3
JZWFDVDETGFGFC-UHFFFAOYSA-N,31293.54,-7.2
SLXKOJJOQWFEFD-UHFFFAOYSA-N,88356.88,-4.8
FFEARJCKVFRZRR-BYPYZUCNSA-N,106799.3,-5.1
XSQUKJJJFZCRTK-UHFFFAOYSA-N,82455.95,-3.7
LTINPJMVDKPJJI-PBXRRBTRSA-N,45707.93,-5.5
GHOKWGTUZJEAQD-ZETCQYMHSA-N,98878.61,-7.2
WXZMFSXDPGVJKK-UHFFFAOYSA-N,90325.06,-5.2
KXVSBTJVTUVNPM-UKPNQBOSSA-N,55418.29,-10.2
YQNFBOJPTAXAKV-OMCISZLKSA-N,22814.22,-6.4
ZWAOHEXOSAUJHY-ZIYNGMLESA-N,106947.59,-8.3
VTHJTEIRLNZDEV-UHFFFAOYSA-L,74178.28,-3.4
ACTRVOBWPAIOHC-XIXRPRMCSA-N,100939.67,-5.7
RRUDCFGSUDOHDG-UHFFFAOYSA-N,74035.11,-4.5
GKPFBMQXTRZTOW-UHFFFAOYSA-N,54462.76,-8.5
QPPBRPIAZZHUNT-UHFFFAOYSA-N,55611.39,-7.6
TZRXHJWUDPFEEY-UHFFFAOYSA-N,41861.7,-7.0
WNLRTRBMVRJNCN-UHFFFAOYSA-N,51904.02,-5.4
ROHFNLRQFUQHCH-YFKPBYRVSA-N,89812.74,-5.3
PJSFRIWCGOHTNF-UHFFFAOYSA-N,26623.7,-7.7
RMUCZJUITONUFY-UHFFFAOYSA-N,75068.32,-5.9
AEMRFAOFKBGASW-UHFFFAOYSA-N,78685.14,-4.4
FVIGODVHAVLZOO-UHFFFAOYSA-N,85193.65,-4.8
VJOVAKSZILJDBB-UHFFFAOYSA-N,32095.29,-4.6
BTCSSZJGUNDROE-UHFFFAOYSA-N,89543.65,-4.8
JIVZKJJQOZQXQB-UHFFFAOYSA-N,73067.09,-6.1
KFZMGEQAYNKOFK-UHFFFAOYSA-N,82904.61,-3.2
GPTONYMQFTZPKC-UHFFFAOYSA-N,39198.45,-7.8
RIKMMFOAQPJVMX-UHFFFAOYSA-N,76327.83,-4.2
RARQHAFNGNPQCZ-UHFFFAOYSA-N,52312.95,-8.1
JNMWHTHYDQTDQZ-UHFFFAOYSA-N,63146.59,-2.0
RATGSRSDPNECNO-QMMMGPOBSA-N,40687.91,-6.0
CYWFCPPBTWOZSF-UHFFFAOYSA-N,83100.25,-6.8
MQOBSOSZFYZQOK-UHFFFAOYSA-N,69955.92,-8.8
HJXMNVQARNZTEE-NSHDSACASA-N,78181.98,-7.0
PHTMLLGDZBZXMW-AERCQKQUSA-N,68214.58,-8.8
HZTMGWSBSDLALI-UHFFFAOYSA-N,60506.29,-7.6
DOMXUEMWDBAQBQ-WEVVVXLNSA-N,8924.55,-8.8
KJHOZAZQWVKILO-UHFFFAOYSA-N,59129.17,-7.6
GUBGYTABKSRVRQ-XLOQQCSPSA-N,98238.07,-8.0
GLUUGHFHXGJENI-UHFFFAOYSA-N,78600.72,-4.0
NGXUUAFYUCOICP-UHFFFAOYSA-N,46173.61,-6.1
YJBIJSVYPHRVCI-UHFFFAOYSA-N,28831.92,-8.0
JVTAAEKCZFNVCJ-UWTATZPHSA-N,93302.37,-4.7
YQGDEPYYFWUPGO-VKHMYHEASA-N,95453.6,-5.3
KNHUKKLJHYUCFP-UHFFFAOYSA-N,76621.4,-6.6
SPDZFJLQFWSJGA-UHFFFAOYSA-N,65653.91,-5.8
OXAUOBQMCDIVPQ-IOXNKQMXSA-N,58778.65,-10.0
QRZAKQDHEVVFRX-UHFFFAOYSA-N,56864.61,-7.7
QIQXTHQIDYTFRH-UHFFFAOYSA-N,57986.63,-6.3
SBUQZKJEOOQSBV-QMMMGPOBSA-N,43787.67,-6.4
POULHZVOKOAJMA-UHFFFAOYSA-N,58188.19,-5.3
VQKLRVZQQYVIJW-UHFFFAOYSA-N,16648.86,-7.2
NUVBSKCKDOMJSU-UHFFFAOYSA-N,72914.89,-6.2
UUVWYPNAQBNQJQ-UHFFFAOYSA-N,57371.51,-5.8
XXRVYAFBUDSLJX-UHFFFAOYSA-N,26165.1,-8.5
WEUCDJCFJHYFRL-IBGZPJMESA-N,69081.22,-8.2
XJGFWWJLMVZSIG-UHFFFAOYSA-N,42910.26,-7.4
LXNHXLLTXMVWPM-UHFFFAOYSA-N,79997.08,-6.6
HODRFAVLXIFVTR-RKDXNWHRSA-N,54940.59,-8.0
RPTUSVTUFVMDQK-UHFFFAOYSA-N,64532.68,-7.2
BPKUDUSVDVLOPY-UHFFFAOYSA-N,75429.31,-9.3
NIQCNGHVCWTJSM-UHFFFAOYSA-N,18681.65,-6.7
KGPPDNUWZNWPSI-UHFFFAOYSA-N,99186.46,-5.1
ORUJFMPWKPVXLZ-UHFFFAOYSA-N,57212.56,-7.3
VILCJCGEZXAXTO-UHFFFAOYSA-N,88985.5,-4.7
YZZCJYJBCUJISI-UHFFFAOYSA-N,38763.33,-6.3
KSMRODHGGIIXDV-YFKPBYRVSA-N,65398.14,-6.7
RDFJFVXMRYVOAC-UHFFFAOYSA-N,85895.02,-4.5
PBVFROWIWWGIFK-KWCOIAHCSA-N,100895.83,-4.3
IAZDPXIOMUYVGZ-UHFFFAOYSA-N,70795.24,-3.1
BTGNGJJLZOIYID-UHFFFAOYSA-N,20133.51,-9.2
GUTZRTRUIMWMJZ-SSDOTTSWSA-N,73637.16,-8.4
OSCTXCOERRNGLW-UHFFFAOYSA-N,98216.29,-7.1
OKJPEAGHQZHRQV-UHFFFAOYSA-N,59841.29,-2.5
MBHXKZDTQCSVPM-BDAFLREQSA-N,64133.33,-10.4
KEJXLQUPYHWCNM-UHFFFAOYSA-N,38572.26,-6.6
PMFZALLSVLZXMR-SFHVURJKSA-N,51699.41,-7.2
KWGRBVOPPLSCSI-WCBMZHEXSA-N,109060.6,-6.0
HSMNQINEKMPTIC-UHFFFAOYSA-N,12549.35,-7.1
OSDLLIBGSJNGJE-UHFFFAOYSA-N,70680.21,-6.1
CXQGFLBVUNUQIA-UHFFFAOYSA-N,48510.11,-7.5
RWLALWYNXFYRGW-YUMQZZPRSA-N,93141.41,-5.4
GFBKORZTTCHDGY-UWVJOHFNSA-N,53331.2,-9.4
MOYKHGMNXAOIAT-JGWLITMVSA-N,63882.21,-7.4
QIGBRXMKCJKVMJ-UHFFFAOYSA-N,74570.42,-5.2
HVTQGIFBNBMSGE-JZRMKITLSA-N,104359.46,-4.5
TXCGAZHTZHNUAI-UHFFFAOYSA-N,58309.16,-6.9
RBNWAMSGVWEHFP-WAAGHKOSSA-N,100670.07,-6.5
MUCZHBLJLSDCSD-UHFFFAOYSA-N,58474.78,-5.4
QXKHYNVANLEOEG-UHFFFAOYSA-N,31626.57,-7.7
RARSHUDCJQSEFJ-UHFFFAOYSA-N,99197.41,-6.2
IRZVVDMCEZNNCW-UHFFFAOYSA-N,14772.19,-8.9
GWWLWDURRGNSRS-UHFFFAOYSA-N,25859.56,-8.4
QYSGYZVSCZSLHT-UHFFFAOYSA-N,62286.94,-5.3
DVNYTAVYBRSTGK-UHFFFAOYSA-N,68205.81,-5.8
QNQZBKQEIFTHFZ-SFHVURJKSA-N,20973.52,-7.8
JWJOTENAMICLJG-QWBYCMEYSA-N,18004.64,-11.6
IPWKIXLWTCNBKN-ZCFIWIBFSA-N,39450.04,-6.5
FTALBRSUTCGOEG-UHFFFAOYSA-N,25560.15,-7.1
LMBWSYZSUOEYSN-UHFFFAOYSA-N,71366.38,-3.6
JCRIVQIOJSSCQD-VIFPVBQESA-N,48394.49,-5.6
GJQPMPFPNINLKP-UHFFFAOYSA-N,37752.7,-7.7
GEFQWZLICWMTKF-CDUCUWFYSA-N,60685.38,-6.7
WZHJKEUHNJHDLS-QTGUNEKASA-N,40347.36,-9.7
ANJNOJFLVNXCHT-UHFFFAOYSA-N,17721.9,-8.3
MIQPIUSUKVNLNT-UHFFFAOYSA-N,47272.19,-8.9
IWYDHOAUDWTVEP-SSDOTTSWSA-N,65727.59,-6.2
AEUTYOVWOVBAKS-UWVGGRQHSA-N,52347.36,-5.9
BGEBZHIAGXMEMV-UHFFFAOYSA-N,55188.42,-7.8
XBPZXDSZHPDXQU-UHFFFAOYSA-N,54387.97,-8.8
NIVFTEMPSCMWDE-QMMMGPOBSA-N,67648.85,-6.8
XASIMHXSUQUHLV-UHFFFAOYSA-N,9269.19,-9.2
GOAZMLKQUGCOPO-UHFFFAOYSA-N,59178.54,-7.4
UUVIQYKKKBJYJT-ZYUZMQFOSA-N,45844.4,-7.1
WTWWXOGTJWMJHI-UHFFFAOYSA-N,71772.97,-8.4
VZCCETWTMQHEPK-QNEBEIHSSA-N,35477.05,-6.4
ICFJFFQQTFMIBG-UHFFFAOYSA-N,6045.79,-7.8
GHBFNMLVSPCDGN-SNVBAGLBSA-N,69853.38,-5.6
JLMHZVYLAQPMOZ-UHFFFAOYSA-N,36481.2,-4.5
ZBNBQISDCFIEQC-UHFFFAOYSA-N,45023.17,-6.1
YAGBSNMZQKEFCO-JTQLQIEISA-N,51461.25,-5.8
QANMHLXAZMSUEX-UHFFFAOYSA-N,18785.73,-7.6
JDLSRXWHEBFHNC-UHFFFAOYSA-N,4841.96,-7.8
KXRZBTAEDBELFD-UHFFFAOYSA-N,35840.61,-8.3
JOWRFSPJFXLGGY-VIFPVBQESA-N,42568.29,-7.9
RWWYLEGWBNMMLJ-YSOARWBDSA-N,54608.76,-9.8
YDBYJHTYSHBBAU-YFKPBYRVSA-O,56081.0,-5.4
OIRDTQYFTABQOQ-UHTZMRCNSA-N,38967.62,-7.9
QXLPXWSKPNOQLE-ZCFIWIBFSA-N,53355.01,-4.5
NRNCYVBFPDDJNE-ZETCQYMHSA-N,71447.98,-7.1
LAYVFLWAVIGDLK-LJQANCHMSA-N,28998.04,-8.0
XKFZYVWWXHCHIX-UHFFFAOYSA-N,32060.71,-5.5
YGSDEFSMJLZEOE-UHFFFAOYSA-N,51107.89,-6.4
WZNJWVWKTVETCG-YFKPBYRVSA-N,40600.36,-7.0
QUBQYFYWUJJAAK-UHFFFAOYSA-N,51751.11,-5.8
DVASNQYQOZHAJN-OAHLLOKOSA-N,24929.87,-8.3
FZRNEERXGKQYPH-UHFFFAOYSA-N,44179.43,-8.8
KWBTZIFLQYYPTH-UHFFFAOYSA-N,61534.04,-6.8
YMFGJWGABDOFID-UHFFFAOYSA-N,7661.33,-7.2
UIEATEWHFDRYRU-XMMPIXPASA-N,57165.65,-7.5
WQABCVAJNWAXTE-VKHMYHEASA-N,50184.86,-3.6
MPDGHEJMBKOTSU-YKLVYJNSSA-N,14490.07,-10.5
OWQUZNMMYNAXSL-UHFFFAOYSA-N,37341.88,-8.0
CAMYKONBWHRPDD-UHFFFAOYSA-N,62355.02,-6.4
WTDGMHYYGNJEKQ-ZETCQYMHSA-N,22016.09,-5.9
SGTNSNPWRIOYBX-MHZLTWQESA-N,37751.68,-8.9
BELBBZDIHDAJOR-UHFFFAOYSA-N,28440.32,-9.2
YVWGMAFXEJHFRO-UHFFFAOYSA-N,42921.44,-4.2
QRJOQYLXZPQQMX-FWROMSNXSA-N,11218.82,-9.6
TZWKUQDQKPYNLL-UHFFFAOYSA-N,17784.45,-6.8
OIRDTQYFTABQOQ-KQYNXXCUSA-N,41002.24,-8.3
OYHQOLUKZRVURQ-HZJYTTRNSA-N,41834.61,-6.4
CIWBSHSKHKDKBQ-JLAZNSOCSA-N,22199.48,-6.9
OVTCHWSLKGENKP-UHFFFAOYSA-N,51250.25,-7.9
DCXYFEDJOCDNAF-REOHCLBHSA-N,74138.85,-5.8
ZGXJTSGNIOSYLO-UHFFFAOYSA-N,64117.59,-5.3
SUHOQUVVVLNYQR-MRVPVSSYSA-N,52765.08,-6.1
WGFOBBZOWHGYQH-MXHNKVEKSA-N,42543.9,-8.4
SXRSQZLOMIGNAQ-UHFFFAOYSA-N,54901.2,-3.9
GDLBFKVLRPITMI-UHFFFAOYSA-N,49006.58,-7.5
LWRDQHOZTAOILO-UHFFFAOYSA-N,23400.7,-7.2
DLEGDLSLRSOURQ-UHFFFAOYSA-N,62125.33,-4.1
MDNWOSOZYLHTCG-UHFFFAOYSA-N,51609.4,-7.3
IMOLVSPMDGCLMB-UHFFFAOYSA-N,29184.27,-8.7
NGGMYCMLYOUNGM-CSDLUJIJSA-N,40172.19,-9.2
VZCYOOQTPOCHFL-OWOJBTEDSA-N,67227.8,-5.6
JBOOHWBSLUXBQW-SDNWHVSQSA-N,62623.43,-7.6
ZEAJXCPGHPJVNP-GFCCVEGCSA-N,49678.77,-7.3
SYAKTDIEAPMBAL-QMMMGPOBSA-N,20954.96,-6.4
SRVJKTDHMYAMHA-UHFFFAOYSA-N,40973.59,-6.4
XWVOEFLBOSSYGM-UHFFFAOYSA-N,53398.56,-7.1
PHWBOXQYWZNQIN-UHFFFAOYSA-N,48281.77,-7.6
VNQABZCSYCTZMS-UHFFFAOYSA-N,50256.67,-6.3
DFPAKSUCGFBDDF-UHFFFAOYSA-N,66428.37,-5.9
IWUCXVSUMQZMFG-AFCXAGJDSA-N,43735.32,-8.5
WVYADZUPLLSGPU-UHFFFAOYSA-N,51045.92,-8.3
HCYAFALTSJYZDH-UHFFFAOYSA-N,48719.78,-7.7
NFDFQCUYFHCNBW-SCGPFSFSSA-N,10234.03,-8.5
ZCBJDQBSLZREAA-UHFFFAOYSA-N,43861.78,-10.4
QOIGKGMMAGJZNZ-UHFFFAOYSA-N,7757.73,-8.8
XRCFXMGQEVUZFC-UHFFFAOYSA-N,44699.64,-8.1
GIKNHHRFLCDOEU-SSDOTTSWSA-N,60059.4,-5.9
AVWWVJUMXRXPNF-UHFFFAOYSA-N,50615.47,-7.2
FUSNMLFNXJSCDI-UHFFFAOYSA-N,19044.88,-8.6
QHGUCRYDKWKLMG-QMMMGPOBSA-N,61721.6,-6.0
JCBQCKFFSPGEDY-OAQYLSRUSA-N,21411.8,-9.1
DZQVFHSCSRACSX-UHFFFAOYSA-N,28397.81,-7.7
DMIMZHGXWWCGBD-UHFFFAOYSA-N,67246.0,-6.6
BNFRJXLZYUTIII-UHFFFAOYSA-N,10022.78,-9.6
FOIPWTMKYXWFGC-UHFFFAOYSA-N,51628.08,-6.5
AYXYPKUFHZROOJ-ZETCQYMHSA-N,60804.46,-5.4
DBHODFSFBXJZNY-UHFFFAOYSA-N,71189.62,-5.6
VWLHWLSRQJQWRG-UHFFFAOYSA-O,45596.82,-6.2
CVWILQHZFWRYPB-UHFFFAOYSA-N,62318.41,-6.5
NBOMNTLFRHMDEZ-UHFFFAOYSA-N,59106.58,-5.7
NPPQSCRMBWNHMW-UHFFFAOYSA-N,48198.52,-6.2
ZPAKPRAICRBAOD-UHFFFAOYSA-N,44081.44,-8.1
RQAITHJHUFFEIV-SNVBAGLBSA-N,29182.3,-6.6
DBEPLOCGEIEOCV-WSBQPABSSA-N,22932.91,-10.1
VFKZTMPDYBFSTM-KVTDHHQDSA-N,44069.68,-5.8
QDIYJDPBMZUZEH-UHFFFAOYSA-O,42685.8,-8.3
QXWYKJLNLSIPIN-JGVFFNPUSA-N,81373.19,-7.5
DNKPFCQEGBJJTE-UHFFFAOYSA-N,50736.86,-3.9
LSAOZCAKUIANSQ-UHFFFAOYSA-N,35243.91,-8.0
SBBDHANTMHIRGW-QMMMGPOBSA-N,64334.48,-6.8
WMJPAYUKEVEBCN-UHFFFAOYSA-N,46914.11,-6.4
HHRZAEJMHSGZNP-SSDOTTSWSA-N,51509.08,-6.1
XSPUSVIQHBDITA-RKYNPMAHSA-N,43064.82,-9.2
KBFBRIPYVVGWRS-OAHLLOKOSA-N,32463.53,-8.5
QLTVVOATEHFXLT-VIFPVBQESA-N,7135.79,-7.8
KZNICNPSHKQLFF-UHFFFAOYSA-N,78283.21,-5.0
JLKIGFTWXXRPMT-UHFFFAOYSA-N,27185.06,-7.8
QNQZBKQEIFTHFZ-GOSISDBHSA-N,21836.31,-7.7
DRMHNJGOEAYOIZ-CYBMUJFWSA-N,3543.73,-6.9
DVEQCIBLXRSYPH-LLVKDONJSA-N,6415.35,-7.3
CAHKINHBCWCHCF-JTQLQIEISA-N,52942.79,-7.3
UYUXSRADSPPKRZ-SKNVOMKLSA-N,29164.35,-6.7
LRCXRAABFLIVAI-QMMMGPOBSA-N,45416.8,-6.1
SUWZHLCNFQWNPE-LATRNWQMSA-N,44367.98,-9.0
KDYFGRWQOYBRFD-UHFFFAOYSA-N,74766.12,-5.6
LSAMUAYPDHUBQD-OLKPEBQYSA-N,16935.56,-6.2
ANTSCNMPPGJYLG-UHFFFAOYSA-N,42918.5,-8.6
VYFYYTLLBUKUHU-UHFFFAOYSA-N,24295.46,-6.3
JCKYGMPEJWAADB-UHFFFAOYSA-N,48342.06,-6.7
OBZHEBDUNPOCJG-WBXJDKIVSA-N,17540.1,-11.5
GCHKUUOPYMFGEY-VMPITWQZSA-N,27212.33,-6.9
YFLRYAVDPKONNX-UHFFFAOYSA-N,38382.8,-6.9
YVGGHNCTFXOJCH-UHFFFAOYSA-N,39717.65,-7.6
RBTBFTRPCNLSDE-UHFFFAOYSA-N,13606.78,-7.8
OXNIZHLAWKMVMX-UHFFFAOYSA-N,42260.1,-7.8
DLNKOYKMWOXYQA-APPZFPTMSA-N,58521.47,-6.1
DB00336,47352.14,-7.5
HDGFUOKLIQJQCS-UHFFFAOYSA-O,42156.53,-8.6
HTYIXCKSEQQCJO-NSHDSACASA-N,48990.91,-7.1
IAIWVQXQOWNYOU-FPYGCLRLSA-N,46728.02,-7.3
DZGWFCGJZKJUFP-UHFFFAOYSA-N,61334.91,-5.7
VYQNWZOUAUKGHI-UHFFFAOYSA-N,68965.72,-7.1
HLIBJQGJVDHCNB-UHFFFAOYSA-N,17233.11,-7.8
UHDGCWIWMRVCDJ-CCXZUQQUSA-N,67529.43,-7.7
SNPLKNRPJHDVJA-ZETCQYMHSA-N,53031.26,-6.2
DHKKONBXGAAFTB-UHFFFAOYSA-N,4136.31,-9.2
SIXLXDIJGIWWFU-UHFFFAOYSA-N,35238.01,-8.4
NMAOJFAMEOVURT-BBWFWOEESA-N,33841.45,-6.7
ZBVKEHDGYSLCCC-SFHVURJKSA-N,29810.24,-8.5
UMILHIMHKXVDGH-RYUDHWBXSA-N,46663.44,-5.7
GNZCRYWFWKFIDM-UHFFFAOYSA-N,52238.71,-8.1
PYSOHOOUXFWCFF-UHFFFAOYSA-N,37339.39,-8.8
OSJJYEUEJRVVOD-UHFFFAOYSA-N,35660.47,-9.6
CORFWQGVBFFZHF-CKWBHOIGSA-N,19315.97,-6.6
BEJNERDRQOWKJM-UHFFFAOYSA-N,34146.05,-6.4
DGMKFQYCZXERLX-OAHLLOKOSA-N,38001.03,-7.4
IRQOBYXMACIFKD-UHFFFAOYSA-N,33333.85,-6.3
QCDYQQDYXPDABM-UHFFFAOYSA-N,50701.91,-5.7
NNJVILVZKWQKPM-UHFFFAOYSA-N,12623.99,-6.1
QZIQORUGXBPDSU-UHFFFAOYSA-N,43025.68,-8.1
DB06243,30051.24,-5.7
DDDQVDIPBFGVIG-UHFFFAOYSA-N,36259.27,-8.9
RLISWLLILOTWGG-UHFFFAOYSA-N,51806.57,-6.8
DOBMPNYZJYQDGZ-UHFFFAOYSA-N,21022.25,-9.7
DYUQAZSOFZSPHD-VIFPVBQESA-N,33520.69,-5.7
AHFWIQIYAXSLBA-RQXATKFSSA-N,45501.12,-9.8
ROSXARVHJNYYDO-UHFFFAOYSA-N,4695.77,-6.1
VOBHXZCDAVEXEY-JSGCOSHPSA-N,28957.98,-6.9
XQTARQNQIVVBRX-UHFFFAOYSA-N,6533.43,-8.4
RPVGLMKJGQMQSN-UHFFFAOYSA-N,38837.22,-6.9
JGTJANXYSNVLMQ-GOSISDBHSA-N,35208.96,-7.1
KJVQYDYPDFFJMP-UHFFFAOYSA-N,38937.82,-7.3
SPPTWHFVYKCNNK-FQEVSTJZSA-N,42823.24,-10.2
NMWQEPCLNXHPDX-UHFFFAOYSA-N,44689.63,-7.8
XOXHILFPRYWFOD-UHFFFAOYSA-N,18479.63,-8.0
LXBIFEVIBLOUGU-DPYQTVNSSA-N,45928.69,-6.5
KTGWBBOJAGDSHN-UHFFFAOYSA-N,19281.32,-6.7
OJLHWPALWODJPQ-QNWVGRARSA-N,35472.58,-8.2
NIVZHWNOUVJHKV-UHFFFAOYSA-N,26922.37,-6.1
QCTBMLYLENLHLA-UHFFFAOYSA-N,42169.77,-6.0
FDKXTQMXEQVLRF-ZHACJKMWSA-N,27588.97,-6.7
RNLQIBCLLYYYFJ-UHFFFAOYSA-N,6160.69,-7.4
WUFWNWSUSBGBSH-UHFFFAOYSA-N,36243.66,-6.5
AURFZBICLPNKBZ-SYBPFIFISA-N,11488.5,-9.1
MTCFGRXMJLQNBG-REOHCLBHSA-N,43854.47,-5.2
MIRHIEAGDGUXKL-UHFFFAOYSA-N,46303.42,-6.9
OJCPSBCUMRIPFL-HNNXBMFYSA-N,42643.1,-6.2
SESFRYSPDFLNCH-UHFFFAOYSA-N,30535.98,-6.8
UHWVSEOVJBQKBE-UHFFFAOYSA-N,30280.9,-6.8
ABJKIHHNDMEBNA-UHFFFAOYSA-N,38193.51,-6.7
BMKDZUISNHGIBY-ZETCQYMHSA-N,7952.93,-8.1
OINXXHYENYVYPB-UHFFFAOYSA-N,34695.05,-7.6
AAQOQKQBGPPFNS-UHFFFAOYSA-N,41851.97,-5.4
BMKDZUISNHGIBY-SSDOTTSWSA-N,8617.95,-8.1
QHJOIAXHOQIPJT-UHFFFAOYSA-N,28462.09,-6.5
OJYGBLRPYBAHRT-IPQSZEQASA-N,35818.17,-7.5
IGISNRIWPJVXDB-VIFPVBQESA-N,27512.85,-6.6
YEJZJVJJPVZXGX-MRXNPFEDSA-N,12428.0,-6.7
CGYQGGSMYNXXIV-IBGZPJMESA-N,36255.63,-8.0
XDXDZDZNSLXDNA-TZNDIEGXSA-N,37366.81,-10.7
HJZKOAYDRQLPME-UHFFFAOYSA-N,55279.91,-6.2
UYXHCVFXDBNRQW-UHFFFAOYSA-N,16644.49,-6.7
OTGAHJPFNKQGAE-UHFFFAOYSA-N,42508.79,-6.2
MVOUIYUWRXPNKD-UHFFFAOYSA-N,14587.07,-6.9
GXRZIMHKGDIBEW-UHFFFAOYSA-N,46199.6,-6.4
AURFZBICLPNKBZ-YZRLXODZSA-N,11547.96,-9.0
NCEXYHBECQHGNR-QZQOTICOSA-N,21675.04,-10.2
ULSIYEODSMZIPX-MRVPVSSYSA-N,30716.78,-5.6
NOPFSRXAKWQILS-UHFFFAOYSA-N,45735.31,-6.0
DUDKAZCAISNGQN-FQEVSTJZSA-N,23240.87,-8.3
NEIPZWZQHXCYDV-RFZPGFLSSA-N,36653.68,-5.3
SQQCWHCJRWYRLB-GCDIXUMDSA-N,25891.27,-9.2
UJRRDDHEMZLWFI-UHFFFAOYSA-N,34465.59,-6.7
OBKXEAXTFZPCHS-UHFFFAOYSA-N,38160.72,-6.2
VDPYMEBVIDZKMD-UHFFFAOYSA-N,21412.07,-8.4
RRAFCDWBNXTKKO-UHFFFAOYSA-N,48022.62,-6.4
WQDZHQZKJMNOAY-KRWDZBQOSA-N,39402.67,-6.8
PTBKFATYSVLSSD-UHFFFAOYSA-N,40948.76,-6.7
DJQOOSBJCLSSEY-UHFFFAOYSA-N,19576.77,-6.3
XQLWNAFCTODIRK-MUUNZHRXSA-N,21814.18,-8.8
OMHBPUNFVFNHJK-UHFFFAOYSA-P,33685.95,-8.4
KPSRODZRAIWAKH-JTQLQIEISA-N,19330.87,-7.1
WREGKURFCTUGRC-POYBYMJQSA-N,30071.66,-7.4
XIHXRRMCNSMUET-UHFFFAOYSA-N,8454.94,-7.2
OMOMUFTZPTXCHP-UHFFFAOYSA-N,51775.83,-5.1
SAZUGELZHZOXHB-UHFFFAOYSA-N,22740.24,-7.0
LCFBCKSQWVQIBY-UYAOXDASSA-N,16434.16,-8.1
ZXVNMYWKKDOREA-UHFFFAOYSA-N,37574.14,-7.5
FYJJXENSONZJRG-UHFFFAOYSA-N,32849.55,-7.0
XREUEWVEMYWFFA-CSKJXFQVSA-N,32218.71,-10.7
PXBVEXGRHZFEOF-QGZVFWFLSA-N,42343.44,-9.1
KJAMZCVTJDTESW-UHFFFAOYSA-N,28687.23,-8.7
STLZCUYBVPNYED-UHFFFAOYSA-N,21615.83,-6.7
FTCYIGBVOHNHCD-UHFFFAOYSA-N,51234.12,-5.4
AFSYRVDDZGJTIL-OCAPTIKFSA-N,55717.82,-5.3
BKCXTZWLBPOGRU-XQHKEYJVSA-N,41920.3,-8.1
IBGBGRVKPALMCQ-UHFFFAOYSA-N,20595.49,-6.3
CREICILGVGNQBH-UHFFFAOYSA-N,32813.1,-8.6
IQWCBYSUUOFOMF-QTLFRQQHSA-N,47329.82,-6.5
HFXKQSZZZPGLKQ-MRVPVSSYSA-N,53339.83,-4.9
NZUPCNDJBJXXRF-LURJTMIESA-O,18375.92,-5.6
WFPIAZLQTJBIFN-UHFFFAOYSA-N,39070.87,-9.2
QPCDCPDFJACHGM-UHFFFAOYSA-N,41200.88,-6.8
UBAJTZKNDCEGKL-UHFFFAOYSA-N,36545.3,-11.5
YAHRDLICUYEDAU-RNFRBKRXSA-N,43337.1,-4.2
FJCFFCXMEXZEIM-UHFFFAOYSA-N,43967.44,-6.0
CXOFVDLJLONNDW-UHFFFAOYSA-N,42391.54,-8.3
FWTXWYXPXGKVJG-VIFPVBQESA-N,51449.67,-6.5
OXLKOMYHDYVIDM-UHFFFAOYSA-N,4851.93,-7.9
IEJXVRYNEISIKR-UHFFFAOYSA-N,58871.38,-7.0
VSTNNAYSCJQCQI-ZLNRFVROSA-N,39635.9,-8.7
BXWNKGSJHAJOGX-UHFFFAOYSA-N,46173.5,-5.6
CYZWCBZIBJLKCV-OALRPVAKSA-N,14890.32,-6.0
KTOAWCPDBUCJED-UHFFFAOYSA-N,40957.56,-8.0
CNNRPFQICPFDPO-UHFFFAOYSA-N,44211.27,-6.5
LDCRTTXIJACKKU-ONEGZZNKSA-N,56367.28,-5.2
GFFGJBXGBJISGV-UHFFFAOYSA-N,56811.08,-6.6
LCQLHJZYVOQKHU-VKHMYHEASA-N,35609.75,-6.7
WFPIAZLQTJBIFN-DVZOWYKESA-N,39722.16,-9.2
STUWGJZDJHPWGZ-LBPRGKRZSA-N,38593.36,-9.7
NZHGWWWHIYHZNX-CSKARUKUSA-N,22628.42,-8.8
WUBBRNOQWQTFEX-UHFFFAOYSA-N,57898.7,-6.4
MITFXPHMIHQXPI-SECBINFHSA-N,32620.19,-9.0
CUHVIMMYOGQXCV-NSHDSACASA-N,38814.38,-6.8
XQCGNURMLWFQJR-ZNDDOCHDSA-N,25740.19,-10.6
DBGIVFWFUFKIQN-VIFPVBQESA-N,10025.92,-6.8
YNBADRVTZLEFNH-UHFFFAOYSA-N,39209.93,-5.6
KINWYTAUPKOPCQ-YFKPBYRVSA-N,24825.43,-5.4
DJUFPMUQJKWIJB-UHFFFAOYSA-N,28572.66,-11.2
VFKZTMPDYBFSTM-GUCUJZIJSA-N,40069.32,-6.3
